# Name	Position	Rotation	Scale	Material
Hostel	-29.50000 1.00000 9.00000	-0.000 -0.000 0.000	1.00000 1.00000 1.00000	Concrete	0.0
Garagenboden	0.00000 0.00000 -0.00000	-0.000 -0.000 0.000	1.00000 1.00000 1.00000	Concrete	0.0
Truck	24.50000 0.37886 25.00000	-0.000 -1.628 -0.000	0.84000 0.84000 0.84000	Truck	0.0
Car	27.50000 0.39735 25.00000	-0.000 -1.515 -0.000	0.84000 0.84000 0.84000	Car	0.0
Truck	-10.00000 0.37886 17.00000	-0.000 -4.769 -0.000	0.84000 0.84000 0.84000	Truck	0.0
Sand	0.00000 0.00000 -0.00000	-0.000 -0.000 0.000	1.00000 1.00000 1.00000	Sand	0.5
Truck	-13.00000 0.37886 17.00000	-0.000 -7.782 -0.000	0.84000 0.84000 0.84000	Truck	0.0
Car	-17.00000 0.39735 17.50000	-0.000 -4.756 -0.000	0.84000 0.84000 0.84000	Car	0.0
Grossewand	0.00000 1.00000 22.00000	-0.000 -0.000 0.000	1.00000 1.00000 1.00000	PaintedBricks	0.800000011920929
Flachdach_B	0.00000 7.90000 21.50000	-0.000 -0.000 0.000	-60.02397 1.00000 1.00000	Generator	0.0
Flachdach_A	-22.00000 8.50000 36.50000	-0.000 -0.000 0.000	-60.02397 1.00000 1.00000	Generator	0.0
Mauer_B	-7.50000 0.50000 20.00000	-0.000 -0.000 0.000	1.00000 1.00000 1.00000	PaintedBricks	0.800000011920929
Mauerdach_B	-7.50000 4.25000 15.25000	-0.000 -0.000 0.000	1.00000 1.00000 1.00000	MetalRough	0.1538461595773697
Mauer_A	-7.50000 0.50000 -1.75000	-0.000 -0.000 0.000	1.00000 1.00000 1.00000	PaintedBricks	0.800000011920929
Mauerdach_A	-7.50000 4.25000 -6.50000	-0.000 -0.000 0.000	1.00000 1.00000 1.00000	MetalRough	0.1538461595773697
Poster_Lidl	-6.95000 2.45000 -4.05601	-0.000 -0.000 0.000	3.00000 3.00000 2.89409	Poster_Lidl	0.5
Hecke	-7.73997 0.45634 -13.35000	-0.000 -0.247 0.000	1.00000 1.00000 1.00000	Hecke	0.9909090995788574
Hecke	-7.73997 0.45634 -15.00000	-0.000 -0.234 0.000	1.00000 1.00000 1.00000	Hecke	0.9909090995788574
Hecke	-6.85000 0.45000 -17.52500	-0.000 -2.951 -0.000	1.00000 1.00000 1.00000	Hecke	0.9909090995788574
Hecke	-7.73997 0.45634 -18.30000	-0.000 -0.011 0.000	1.00000 1.00000 1.00000	Hecke	0.9909090995788574
Hecke	-6.85000 0.45000 -20.82500	-0.000 -3.445 -0.000	1.00000 1.00000 1.00000	Hecke	0.9909090995788574
Hecke	-7.73997 0.45634 -21.60000	-0.000 0.010 0.000	1.00000 1.00000 1.00000	Hecke	0.9909090995788574
Hecke	-7.73997 0.45634 -23.25000	-0.000 -0.440 0.000	1.00000 1.00000 1.00000	Hecke	0.9909090995788574
Hecke	-6.85000 0.45000 -25.77500	-0.000 -3.572 -0.000	1.00000 1.00000 1.00000	Hecke	0.9909090995788574
Hecke	-7.73997 0.45634 -26.55000	-0.000 0.306 0.000	1.00000 1.00000 1.00000	Hecke	0.9909090995788574
Hecke	-6.85000 0.45000 -29.07500	-0.000 -3.398 -0.000	1.00000 1.00000 1.00000	Hecke	0.9909090995788574
Beet_Rahmen_A	-7.20000 0.10000 -20.90000	-0.000 -0.000 0.000	1.00000 1.00000 1.00000	Asphalt	0.8461538553237915
Beet_Erde	-7.20000 0.10000 -20.90000	-0.000 -0.000 0.000	1.00000 1.00000 1.00000	FabricSoft	0.8999999761581421
CustomerParking	-6.95000 2.74327 9.65000	-0.000 -0.000 0.000	1.00000 1.00000 1.00000	CustomerParking	0.5
Bodenschwelle	-7.50000 0.50000 4.00000	-0.000 -0.000 0.000	0.19001 0.19001 11.78845	Asphalt	0.8461538553237915
Parkplatz	-18.85000 0.45167 6.95504	-0.000 -0.000 0.000	1.00000 1.00000 1.00000	Asphalt	0.8461538553237915
Hecke	-29.38665 0.45634 -13.35000	-0.000 -0.247 0.000	1.00000 1.00000 1.00000	Hecke	0.9909090995788574
Hecke	-29.38665 0.45634 -15.00000	-0.000 -0.234 0.000	1.00000 1.00000 1.00000	Hecke	0.9909090995788574
Hecke	-28.49668 0.45000 -17.52500	-0.000 -2.951 -0.000	1.00000 1.00000 1.00000	Hecke	0.9909090995788574
Hecke	-29.38665 0.45634 -18.30000	-0.000 -0.011 0.000	1.00000 1.00000 1.00000	Hecke	0.9909090995788574
Hecke	-28.49668 0.45000 -20.82500	-0.000 -3.445 -0.000	1.00000 1.00000 1.00000	Hecke	0.9909090995788574
Hecke	-29.38665 0.45634 -21.60000	-0.000 0.010 0.000	1.00000 1.00000 1.00000	Hecke	0.9909090995788574
Hecke	-29.38665 0.45634 -23.25000	-0.000 -0.440 0.000	1.00000 1.00000 1.00000	Hecke	0.9909090995788574
Hecke	-28.49668 0.45000 -25.77500	-0.000 -3.572 -0.000	1.00000 1.00000 1.00000	Hecke	0.9909090995788574
Hecke	-29.38665 0.45634 -26.55000	-0.000 0.306 0.000	1.00000 1.00000 1.00000	Hecke	0.9909090995788574
Hecke	-28.49668 0.45000 -29.07500	-0.000 -3.398 -0.000	1.00000 1.00000 1.00000	Hecke	0.9909090995788574
Hecke	-29.38665 0.45634 3.73750	-0.000 -0.247 0.000	1.00000 1.00000 1.00000	Hecke	0.9909090995788574
Hecke	-29.38665 0.45634 2.08750	-0.000 -0.234 0.000	1.00000 1.00000 1.00000	Hecke	0.9909090995788574
Hecke	-28.49668 0.45000 -0.43750	-0.000 -2.951 -0.000	1.00000 1.00000 1.00000	Hecke	0.9909090995788574
Hecke	-29.38665 0.45634 -1.21250	-0.000 -0.011 0.000	1.00000 1.00000 1.00000	Hecke	0.9909090995788574
Hecke	-28.49668 0.45000 -3.73750	-0.000 -3.445 -0.000	1.00000 1.00000 1.00000	Hecke	0.9909090995788574
Hecke	-29.38665 0.45634 -4.51250	-0.000 0.010 0.000	1.00000 1.00000 1.00000	Hecke	0.9909090995788574
Hecke	-29.38665 0.45634 -6.16250	-0.000 -0.440 0.000	1.00000 1.00000 1.00000	Hecke	0.9909090995788574
Hecke	-28.49668 0.45000 -8.68750	-0.000 -3.572 -0.000	1.00000 1.00000 1.00000	Hecke	0.9909090995788574
Hecke	-29.38665 0.45634 -9.88920	-0.000 0.306 0.000	1.00000 1.00000 1.00000	Hecke	0.9909090995788574
Hecke	-28.49668 0.45000 -12.40000	-0.000 -3.398 -0.000	1.00000 1.00000 1.00000	Hecke	0.9909090995788574
Beet_Rahmen_C	-28.84668 0.10000 -3.81250	-0.000 -0.000 0.000	1.00000 1.00000 1.00000	Asphalt	0.8461538553237915
Beet_Erde	-28.84668 0.10000 -3.81250	-0.000 -0.000 0.000	1.00000 1.00000 1.00000	FabricSoft	0.8999999761581421
Hecke	-11.26250 0.46150 -28.31335	-0.000 -1.818 -0.000	1.00000 1.00000 1.00000	Hecke	0.9909090995788574
Hecke	-12.91250 0.46150 -28.31335	-0.000 -1.804 -0.000	1.00000 1.00000 1.00000	Hecke	0.9909090995788574
Hecke	-15.43750 0.45516 -29.20332	-0.000 -4.522 -0.000	1.00000 1.00000 1.00000	Hecke	0.9909090995788574
Hecke	-16.21250 0.46150 -28.31335	-0.000 -1.582 -0.000	1.00000 1.00000 1.00000	Hecke	0.9909090995788574
Hecke	-18.73750 0.45516 -29.20332	-0.000 -5.016 -0.000	1.00000 1.00000 1.00000	Hecke	0.9909090995788574
Hecke	-19.51250 0.46150 -28.31335	-0.000 -1.560 -0.000	1.00000 1.00000 1.00000	Hecke	0.9909090995788574
Hecke	-21.16250 0.46150 -28.31335	-0.000 -2.011 -0.000	1.00000 1.00000 1.00000	Hecke	0.9909090995788574
Hecke	-24.46250 0.46150 -28.31335	-0.000 -1.265 -0.000	1.00000 1.00000 1.00000	Hecke	0.9909090995788574
Hecke	-26.98750 0.45516 -29.20332	-0.000 -4.969 -0.000	1.00000 1.00000 1.00000	Hecke	0.9909090995788574
Beet_Rahmen_B	-18.81250 0.10516 -28.85332	-0.000 -1.571 -0.000	1.00000 1.00000 1.00000	Asphalt	0.8461538553237915
Beet_Erde	-18.81250 0.10516 -28.85332	-0.000 -1.571 -0.000	1.00000 1.00000 1.00000	FabricSoft	0.8999999761581421
IGNORE_Fensterrahmen	11.25000 5.50000 21.55000	-0.000 -0.000 0.000	1.71447 1.19160 1.00000	Asphalt	0.8461538553237915
IGNORE_Fensterrahmen	14.75000 5.50000 22.00000	-0.000 -0.000 0.000	1.71447 1.19160 1.00000	Asphalt	0.8461538553237915
IGNORE_Fensterrahmen	5.75000 5.50000 21.55000	-0.000 -0.000 0.000	1.71447 1.19160 1.00000	Asphalt	0.8461538553237915
IGNORE_Fensterrahmen	2.25000 5.50000 21.55000	-0.000 -0.000 0.000	1.71447 1.19160 1.00000	Asphalt	0.8461538553237915
Generator	-9.57051 1.70000 -29.03971	-0.000 -0.000 0.000	2.59509 2.59509 2.59509	Generator	0.0
Garagentor	25.75000 4.50000 22.00000	0.000 -0.000 1.571	1.00000 1.00000 1.00000	MetalRough	0.1538461595773697
Garagentor_Leiste	25.75000 3.00000 21.50000	-0.000 -0.000 0.000	6.38772 0.07385 0.07385	Asphalt	0.8461538553237915
Buoero	4.00000 5.00000 21.95337	-0.000 -0.000 0.000	1.00000 1.00000 1.00000	Concrete	0.0
Garage	0.00000 1.00000 22.00000	-0.000 -0.000 0.000	1.00000 1.00000 1.00000	Wood	0.800000011920929
Buoero	13.00000 5.00000 21.95337	-0.000 -0.000 0.000	1.00000 1.00000 1.00000	Concrete	0.0
Mauer_C	-30.38347 0.50000 10.25255	-0.000 -0.000 0.000	1.00000 1.00000 1.00000	PaintedBricks	0.800000011920929
Mauerdach_B	-30.35872 4.25000 5.75981	-0.000 -0.000 0.000	1.00000 1.00000 1.00000	MetalRough	0.1538461595773697
Hecke	-22.63224 0.46150 -29.06141	-0.000 -2.884 -0.000	1.00000 1.00000 1.00000	Hecke	0.9909090995788574
Impractical_Kettle	17.50000 2.24627 19.50000	-0.000 -0.000 0.000	0.20088 0.20088 0.20088	colors	0.10000000149011612
Porch_Floor	16.48398 0.70000 21.00000	-0.000 -0.000 0.000	1.00000 1.00000 1.00000	Wood	0.800000011920929
Corridor	0.00000 1.00000 22.00000	-0.000 -0.000 0.000	1.00000 1.00000 1.00000	WoodDark	0.800000011920929
Seitenstreifen	0.00000 0.00000 -0.00000	-0.000 -0.000 0.000	1.00000 1.00000 1.00000	Grass	0.8636363744735718
Strasse	0.00000 0.10000 -0.00000	-0.000 -0.000 0.000	1.00000 1.00000 1.00000	Asphalt	0.8461538553237915
Rasen	0.00000 0.00000 -0.00000	-0.000 -0.000 0.000	1.00000 1.00000 1.00000	Grass	0.8636363744735718
Stairs	-23.72478 4.34594 7.50000	-0.000 -0.000 0.000	1.00000 1.00000 1.00000	Wood	0.800000011920929
Stairs	-24.22478 3.84594 7.50000	-0.000 -0.000 0.000	1.00000 1.00000 1.00000	Wood	0.800000011920929
Stairs	-24.72478 3.34594 7.50000	-0.000 -0.000 0.000	1.00000 1.00000 1.00000	Wood	0.800000011920929
Stairs	-25.22478 2.84594 7.50000	-0.000 -0.000 0.000	1.00000 1.00000 1.00000	Wood	0.800000011920929
Stairs	-25.72478 2.34594 7.50000	-0.000 -0.000 0.000	1.00000 1.00000 1.00000	Wood	0.800000011920929
Stairs	-26.22478 1.84594 7.50000	-0.000 -0.000 0.000	1.00000 1.00000 1.00000	Wood	0.800000011920929
Stairs	-26.72478 1.34594 7.50000	-0.000 -0.000 0.000	1.00000 1.00000 1.00000	Wood	0.800000011920929
Stairs	-27.22478 0.84594 7.50000	-0.000 -0.000 0.000	1.00000 1.00000 1.00000	Wood	0.800000011920929
Stairs	-27.72478 0.34594 7.50000	-0.000 -0.000 0.000	1.00000 1.00000 1.00000	Wood	0.800000011920929
Lampenschirm	-21.20490 7.41541 9.12815	-0.000 -0.000 0.000	1.00000 1.00000 1.00000	MetalPatchy	0.0
LampWallHanging_B	-21.20490 7.41541 9.12815	-0.000 -0.000 -0.000	1.00000 1.00000 1.00000	InteriorWall	0.0
ChairDining_A	17.92024 1.49275 20.55658	-0.000 3.618 -0.000	1.00000 1.00000 1.00000	WoodDark	0.800000011920929
Chair_Polster	17.92024 1.49275 20.55658	-0.000 3.618 -0.000	1.00000 1.00000 1.00000	FabricSoft	0.8999999761581421
ChairDining_A	16.25841 1.49275 18.69086	-0.000 1.278 -0.000	1.00000 1.00000 1.00000	WoodDark	0.800000011920929
Chair_Polster	16.25841 1.49275 18.69086	-0.000 1.278 -0.000	1.00000 1.00000 1.00000	FabricSoft	0.8999999761581421
Porch_Stairs	12.60000 1.40000 17.60000	-0.000 -0.000 0.000	1.00000 1.00000 1.00000	Wood	0.800000011920929
TableDining	17.52051 1.49150 19.26611	-0.000 -0.262 -0.000	1.00000 1.00000 1.00000	WoodDark	0.800000011920929
Porch_Tischdecke	17.22787 2.25601 19.42776	-0.000 -0.000 0.000	0.55939 0.55939 0.55939	FabricPattern	0.8999999761581421
Gabione	15.58854 4.30922 21.45564	-0.000 -0.000 0.000	1.00000 1.00000 1.00000	Wood	0.800000011920929
DoorRoom_E	15.94749 1.48187 21.51741	-0.000 -0.000 0.000	1.00000 1.00000 -1.00000	DoorRoom	0.0
TarpCoveredObject	20.33413 0.44836 20.65767	-0.000 0.886 -0.000	1.00000 1.00000 1.00000	Tarp	0.0
Volleyball_Linien	-17.54537 0.45281 -15.23429	-0.000 -0.000 0.000	0.58097 0.58097 0.58097	Tarp	0.0
Volleyball_Netz	-17.54537 2.15108 -15.23429	-0.000 -0.000 0.000	0.64892 0.64892 0.64892	MetalShiny	0.0
Volleyball	-17.26095 0.61648 -6.25390	-0.854 0.657 -0.758	0.47796 0.47796 0.47796	Volleyball	0.5
Lampenschirm	-21.20490 7.41541 20.50208	-0.000 -0.000 0.000	1.00000 1.00000 1.00000	MetalPatchy	0.0
Lampenlampe	-21.20490 7.41541 20.50208	-0.000 -0.000 0.000	1.00000 1.00000 1.00000	InteriorWall	0.0
Lampenschirm	-27.74652 7.41806 8.20171	-0.000 -1.571 -0.000	1.00000 1.00000 1.00000	MetalPatchy	0.0
Lampenlampe	-27.74652 7.41806 8.20171	-0.000 -1.571 -0.000	1.00000 1.00000 1.00000	InteriorWall	0.0
Lampenschirm	-6.73376 3.49919 9.75741	-0.000 -0.000 0.000	1.00000 1.00000 1.00000	MetalPatchy	0.0
LampWallHanging_B	-6.73376 3.49919 9.75741	-0.000 -0.000 -0.000	1.00000 1.00000 1.00000	InteriorWall	0.0
Lampenschirm	-6.72875 3.50365 -0.72125	-0.000 -0.000 0.000	1.00000 1.00000 1.00000	MetalPatchy	0.0
Lampenlampe	-6.72875 3.50365 -0.72125	-0.000 -0.000 -0.000	1.00000 1.00000 1.00000	InteriorWall	0.0
Lampenschirm	13.27065 3.82314 -9.03893	-0.000 -0.000 0.000	1.00000 1.00000 1.00000	MetalPatchy	0.0
Lampenlampe	13.27065 3.82314 -9.03893	-0.000 -0.000 -0.000	1.00000 1.00000 1.00000	InteriorWall	0.0
Lampenschirm	13.27065 3.82314 -15.80783	-0.000 -0.000 0.000	1.00000 1.00000 1.00000	MetalPatchy	0.0
Lampenlampe	13.16546 0.85757 -15.74049	2.294 -2.056 -0.477	1.00000 1.00000 1.00000	InteriorWall	0.0
Lampenschirm	13.27065 3.82314 -21.47684	-0.000 -0.000 0.000	1.00000 1.00000 1.00000	MetalPatchy	0.0
Lampenlampe	13.27065 3.82314 -21.47684	-0.000 -0.000 -0.000	1.00000 1.00000 1.00000	InteriorWall	0.0
Generator	5.90065 1.51561 -3.24931	-0.000 -0.000 0.000	2.59509 2.59509 2.59509	Generator	0.0
TarpCoveredObject	6.06150 2.65652 -3.24209	-0.000 0.144 -0.000	1.47197 1.47197 1.47197	Tarp	0.0
Grenade_Closed	5.77328 7.54275 -5.52492	-0.000 -0.000 0.000	0.11518 0.11518 0.11518	Grenade	0.5
Grenade	-5.99782 57.54275 -5.52492	-0.000 -0.000 0.000	0.11518 0.11518 0.11518	Grenade	0.5
Kerze	17.15375 2.30961 19.30208	-0.000 -0.000 0.000	1.00000 1.00000 1.00000	FabricSoft	0.8999999761581421
Docht	17.15590 2.33323 19.30373	-0.000 -0.000 0.000	-0.00499 -0.02496 -0.00499	Asphalt	0.8461538553237915
BeerBottle_C	4.38528 7.56172 -20.25667	-1.571 -2.900 -0.000	1.20000 1.20000 1.20000	FoodPaintSafe	0.0
BeerBottle_B	12.53720 1.51907 19.18255	-1.571 -0.290 -0.000	1.20000 1.20000 1.20000	FoodPaintSafe	0.0
BeerBottle_A	3.28689 7.52655 -19.74203	-0.000 -0.000 -0.000	1.20000 1.20000 1.20000	FoodPaintSafe	0.0
Bunker	7.73920 -0.13804 -14.19721	-0.000 -0.000 0.000	1.00000 1.00000 1.00000	PaintedBricks	0.800000011920929
Sphere	17.15594 2.35350 19.30310	-0.022 -0.016 0.079	0.00993 0.00993 0.00993	colors	0.10000000149011612
Partyboden	7.73920 0.50000 -14.19721	-0.000 -0.000 0.000	9.70314 0.85941 18.75478	Carpet	0.0
Discokugel	7.75330 3.95177 -12.79049	-0.000 -0.000 0.000	1.00000 1.00000 1.00000	Discokugel	0.0
Discokugel_Seil	7.75330 5.20486 -12.79049	-0.000 -0.000 0.000	0.03117 3.01400 0.03117	Asphalt	0.8461538553237915
LadderOutdoor	13.25225 0.25896 -10.59033	-0.000 -3.142 -0.000	1.00000 1.00000 1.00000	MetalShiny	0.0
LadderLock	13.12845 1.80646 -10.59033	-0.000 -3.142 -0.000	1.00000 1.00000 1.00000	MetalShiny	0.0
LadderCage	13.12845 1.80646 -10.59033	-0.000 -3.142 -0.000	1.00000 1.00000 1.00000	MetalDiamond	0.0
DumpsterDoorRight_A	14.14933 2.43755 -12.97906	0.028 -3.647 -0.000	1.00000 1.00000 1.00000	DumpsterCover	0.0
DumpsterDoorLeft_A	14.14933 2.43755 -12.97906	-0.039 -3.620 3.896	1.00000 1.00000 1.00000	DumpsterCover	0.0
Dumpster	14.49307 0.70154 -13.22549	0.028 -3.649 -0.000	1.00000 1.00000 1.00000	Dumpster	0.0
Dumpster_Garbage	14.49307 0.70154 -13.22549	0.028 -3.649 -0.000	1.00000 1.00000 1.00000	DumpsterGarbage	0.0
BeerBottle_C	12.64675 1.51907 19.18095	-1.571 0.050 -0.000	1.20000 1.20000 1.20000	FoodPaintSafe	0.0
BeerBottle_B	3.04684 7.56172 -18.88888	-1.571 -0.290 -0.000	1.20000 1.20000 1.20000	FoodPaintSafe	0.0
BeerBottle_A	12.01873 2.50861 18.33102	-0.000 -0.000 -0.000	1.20000 1.20000 1.20000	FoodPaintSafe	0.0
suremaker	16.53708 2.28586 29.43003	-0.000 -0.000 0.000	1.00000 1.00000 1.00000	WoodDark	0.800000011920929
Lampenschirm	16.49555 3.19637 28.76974	-0.000 -1.571 -0.000	1.00000 1.00000 1.00000	MetalPatchy	0.0
LampWallHanging_B	4.25928 3.49919 9.75741	-0.000 -0.000 -0.000	1.00000 1.00000 1.00000	InteriorWall	0.0
IGNORE_Porch_Peg	18.50000 1.10000 20.50000	-0.000 0.033 0.000	1.00000 1.00000 1.00000	Wood	0.800000011920929
IGNORE_Porch_Peg	18.40000 1.10000 19.50000	-0.000 -0.041 0.000	1.00000 1.00000 1.00000	Wood	0.800000011920929
IGNORE_Porch_Peg	18.40000 1.10000 18.60000	-0.000 -0.064 0.000	1.00000 1.00000 1.00000	Wood	0.800000011920929
IGNORE_Porch_Peg	17.50000 1.10000 18.60000	-0.000 0.084 0.000	1.00000 1.00000 1.00000	Wood	0.800000011920929
IGNORE_Porch_Peg	16.50000 1.10000 18.60000	-0.000 0.002 0.000	1.00000 1.00000 1.00000	Wood	0.800000011920929
IGNORE_Porch_Peg	14.50000 1.10000 18.60000	-0.000 -0.017 0.000	1.00000 1.00000 1.00000	Wood	0.800000011920929
IGNORE_Porch_Peg	13.50000 1.10000 18.60000	-0.000 -0.026 0.000	1.00000 1.00000 1.00000	Wood	0.800000011920929
IGNORE_Porch_Peg	15.50000 1.10000 18.60000	0.010 0.014 -0.211	1.00000 1.00000 1.00000	Wood	0.800000011920929
LIGHT_SOURCE -13.49411 1.05945 14.56487	1.000 0.055 0.107	30.0
LIGHT_SOURCE -12.17062 1.05945 14.67348	1.000 0.055 0.107	30.0
LIGHT_SOURCE -16.19680 0.93708 19.74295	1.000 0.055 0.107	30.0
LIGHT_SOURCE -17.53054 0.95127 19.81763	1.000 0.055 0.107	30.0
LIGHT_SOURCE -10.52988 1.07003 19.43009	1.000 0.055 0.107	30.0
LIGHT_SOURCE -9.21694 1.08060 19.37007	1.000 0.055 0.107	30.0
LIGHT_SOURCE 25.02894 1.03812 22.53269	1.000 0.055 0.107	30.0
LIGHT_SOURCE 23.70347 1.05959 22.63489	1.000 0.055 0.107	30.0
LIGHT_SOURCE 26.97675 0.96843 22.59787	1.000 0.055 0.107	30.0
LIGHT_SOURCE 28.19423 0.97301 22.69849	1.000 0.055 0.107	30.0
LIGHT_SOURCE -10.69739 1.16594 14.70211	1.000 0.881 0.773	60.0
LIGHT_SOURCE -9.57723 1.18956 14.62335	1.000 0.881 0.773	60.0
LIGHT_SOURCE -16.51291 0.97289 15.16829	1.000 0.881 0.773	120.0
LIGHT_SOURCE -17.74247 0.99766 15.22225	1.000 0.881 0.773	120.0
LIGHT_SOURCE -13.68912 1.20604 19.26439	1.000 0.881 0.773	60.0
LIGHT_SOURCE -12.60961 1.20898 19.30191	1.000 0.881 0.773	60.0
LIGHT_SOURCE 25.14908 1.18476 27.33900	1.000 0.881 0.773	60.0
LIGHT_SOURCE 24.08715 1.13131 27.35793	1.000 0.881 0.773	60.0
LIGHT_SOURCE -21.22226 7.50555 9.45124	1.000 1.000 1.000	10.0
LIGHT_SOURCE -21.24804 7.49364 8.82628	1.000 1.000 1.000	10.0
LIGHT_SOURCE -20.90701 7.45517 9.12733	1.000 1.000 1.000	10.0
LIGHT_SOURCE -21.22226 7.50555 20.82517	1.000 1.000 1.000	10.0
LIGHT_SOURCE -21.24804 7.49364 20.20021	1.000 1.000 1.000	10.0
LIGHT_SOURCE -20.90701 7.45517 20.50126	1.000 1.000 1.000	10.0
LIGHT_SOURCE -27.42342 7.50820 8.21907	1.000 1.000 1.000	10.0
LIGHT_SOURCE -28.04839 7.49629 8.24485	1.000 1.000 1.000	10.0
LIGHT_SOURCE -27.74734 7.45782 7.90382	1.000 1.000 1.000	10.0
LIGHT_SOURCE 17.15614 2.40515 19.30386	1.000 0.566 0.222	2.0
LIGHT_SOURCE -6.75111 3.58934 10.08051	1.000 1.000 1.000	10.0
LIGHT_SOURCE -6.77689 3.57743 9.45554	1.000 1.000 1.000	10.0
LIGHT_SOURCE -6.43587 3.53896 9.75659	1.000 1.000 1.000	10.0
LIGHT_SOURCE -6.74610 3.59379 -0.39816	1.000 1.000 1.000	10.0
LIGHT_SOURCE -6.77188 3.58189 -1.02312	1.000 1.000 1.000	10.0
LIGHT_SOURCE -6.72902 3.40639 -0.71212	1.000 1.000 1.000	10.0
LIGHT_SOURCE -6.43086 3.54341 -0.72207	1.000 1.000 1.000	10.0
LIGHT_SOURCE 13.25329 3.91328 -8.71584	1.000 1.000 1.000	10.0
LIGHT_SOURCE 13.22751 3.90137 -9.34080	1.000 1.000 1.000	10.0
LIGHT_SOURCE 13.56854 3.86290 -9.03975	1.000 1.000 1.000	10.0
LIGHT_SOURCE 13.25329 3.91328 -21.15375	1.000 1.000 1.000	10.0
LIGHT_SOURCE 13.22751 3.90137 -21.77871	1.000 1.000 1.000	10.0
LIGHT_SOURCE 13.56854 3.86290 -21.47766	1.000 1.000 1.000	10.0
LIGHT_SOURCE 5.83699 5.44679 -17.54639	0.869 0.050 1.000	60.0
LIGHT_SOURCE 9.06730 5.44679 -17.54639	0.128 1.000 0.153	60.0
LIGHT_SOURCE 9.06730 5.44679 -11.24575	1.000 0.315 0.077	60.0
LIGHT_SOURCE 5.62199 5.44679 -11.24575	0.123 0.300 1.000	60.0
LIGHT_SOURCE 13.24922 3.63067 -21.47766	1.000 1.000 1.000	10.0
LIGHT_SOURCE 13.25406 3.62704 -9.03975	1.000 1.000 1.000	10.0
LIGHT_SOURCE -6.72442 3.28422 9.77523	1.000 1.000 1.000	10.0
LIGHT_SOURCE -6.72270 3.25925 -0.72207	1.000 1.000 1.000	10.0
LIGHT_SOURCE -21.19633 7.19815 9.11588	1.000 1.000 1.000	10.0
Bridge	8.00000 8.00000 -14.00000	-0.000 -1.571 -0.000	1.00000 1.00000 1.00000	PaintedBricks	0.800000011920929
LIGHT_SOURCE 16.48049 3.26902 28.08093	1.000 0.872 0.737	200.0
